time(s)	cellId	rnti	lcid	packetSize	delay(s)
0.410064	2	1	3	1030	0.0100643
0.410064	2	1	3	1030	0.0100583
0.410064	2	1	3	1030	0.0100523
0.410064	2	1	3	1030	0.0100463
0.410064	2	1	3	1030	0.0100403
0.410064	2	1	3	1030	0.0100343
0.410064	2	1	3	1030	0.0100283
0.410064	2	1	3	1030	0.0100223
0.410064	2	1	3	1030	0.0100163
0.410064	2	1	3	1030	0.0100103
0.410064	2	1	3	1030	0.0100043
0.410064	2	1	3	1030	0.00999828
0.410064	2	1	3	1030	0.00999228
0.410064	2	1	3	1030	0.00998628
0.410064	2	1	3	1030	0.00998028
0.410064	2	1	3	1030	0.00997428
0.410064	2	1	3	1030	0.00996828
0.410064	2	1	3	1030	0.00996228
0.410064	2	1	3	1030	0.00995628
0.410064	2	1	3	1030	0.00995028
0.410064	2	1	3	1030	0.00994428
0.410064	2	1	3	1030	0.00993828
0.410064	2	1	3	1030	0.00993228
0.410064	2	1	3	1030	0.00992628
0.410064	2	1	3	1030	0.00992028
0.410064	2	1	3	1030	0.00991428
0.410064	2	1	3	1030	0.00990828
0.410064	2	1	3	1030	0.00990228
0.410064	2	1	3	1030	0.00989628
0.410064	2	1	3	1030	0.00989028
0.410064	2	1	3	1030	0.00988428
0.410064	2	1	3	1030	0.00987828
0.410064	2	1	3	1030	0.00987228
0.410064	2	1	3	1030	0.00986628
0.410064	2	1	3	1030	0.00986028
0.410064	2	1	3	1030	0.00985428
0.410064	2	1	3	1030	0.00984828
0.410064	2	1	3	1030	0.00984228
0.412564	2	1	3	1030	0.0123363
0.412564	2	1	3	1030	0.0123303
0.412564	2	1	3	1030	0.0123243
0.412564	2	1	3	1030	0.0123183
0.412564	2	1	3	1030	0.0123123
0.412564	2	1	3	1030	0.0123063
0.412564	2	1	3	1030	0.0123003
0.412564	2	1	3	1030	0.0122943
0.412564	2	1	3	1030	0.0122883
0.412564	2	1	3	1030	0.0122823
0.412564	2	1	3	1030	0.0122763
0.412564	2	1	3	1030	0.0122703
0.412564	2	1	3	1030	0.0122643
0.412564	2	1	3	1030	0.0122583
0.412564	2	1	3	1030	0.0122523
0.412564	2	1	3	1030	0.0122463
0.412564	2	1	3	1030	0.0122403
0.412564	2	1	3	1030	0.0122343
0.412564	2	1	3	1030	0.0122283
0.412564	2	1	3	1030	0.0122223
0.412564	2	1	3	1030	0.0122163
0.412564	2	1	3	1030	0.0122103
0.412564	2	1	3	1030	0.0122043
0.412564	2	1	3	1030	0.0121983
0.412564	2	1	3	1030	0.0121923
0.412564	2	1	3	1030	0.0121863
0.412564	2	1	3	1030	0.0121803
0.412564	2	1	3	1030	0.0121743
0.412564	2	1	3	1030	0.0121683
0.412564	2	1	3	1030	0.0121623
0.412564	2	1	3	1030	0.0121563
0.412564	2	1	3	1030	0.0121503
0.412564	2	1	3	1030	0.0121443
0.412564	2	1	3	1030	0.0121383
0.412564	2	1	3	1030	0.0121323
0.412564	2	1	3	1030	0.0121263
0.412564	2	1	3	1030	0.0121203
0.412564	2	1	3	1030	0.0121143
0.415064	2	1	3	1030	0.0146083
0.415064	2	1	3	1030	0.0146023
0.415064	2	1	3	1030	0.0145963
0.415064	2	1	3	1030	0.0145903
0.415064	2	1	3	1030	0.0145843
0.415064	2	1	3	1030	0.0145783
0.415064	2	1	3	1030	0.0145723
0.415064	2	1	3	1030	0.0145663
0.415064	2	1	3	1030	0.0145603
0.415064	2	1	3	1030	0.0145543
0.415064	2	1	3	1030	0.0145483
0.415064	2	1	3	1030	0.0145423
0.415064	2	1	3	1030	0.0145363
0.415064	2	1	3	1030	0.0145303
0.415064	2	1	3	1030	0.0145243
0.415064	2	1	3	1030	0.0145183
0.415064	2	1	3	1030	0.0145123
0.415064	2	1	3	1030	0.0145063
0.415064	2	1	3	1030	0.0145003
0.415064	2	1	3	1030	0.0144943
0.415064	2	1	3	1030	0.0144883
0.415064	2	1	3	1030	0.0144823
0.415064	2	1	3	1030	0.0144763
0.415064	2	1	3	1030	0.0144703
0.415064	2	1	3	1030	0.0144643
0.415064	2	1	3	1030	0.0144583
0.415064	2	1	3	1030	0.0144523
0.415064	2	1	3	1030	0.0144463
0.415064	2	1	3	1030	0.0144403
0.415064	2	1	3	1030	0.0144343
0.415064	2	1	3	1030	0.0144283
0.415064	2	1	3	1030	0.0144223
0.415064	2	1	3	1030	0.0144163
0.415064	2	1	3	1030	0.0144103
0.415064	2	1	3	1030	0.0144043
0.415064	2	1	3	1030	0.0143983
0.415064	2	1	3	1030	0.0143923
0.415064	2	1	3	1030	0.0143863
0.417564	2	1	3	1030	0.0168803
0.417564	2	1	3	1030	0.0168743
0.417564	2	1	3	1030	0.0168683
0.417564	2	1	3	1030	0.0168623
0.417564	2	1	3	1030	0.0168563
0.417564	2	1	3	1030	0.0168503
0.417564	2	1	3	1030	0.0168443
0.417564	2	1	3	1030	0.0168383
0.417564	2	1	3	1030	0.0168323
0.417564	2	1	3	1030	0.0168263
0.417564	2	1	3	1030	0.0168203
0.417564	2	1	3	1030	0.0168143
0.417564	2	1	3	1030	0.0168083
0.417564	2	1	3	1030	0.0168023
0.417564	2	1	3	1030	0.0167963
0.417564	2	1	3	1030	0.0167903
0.417564	2	1	3	1030	0.0167843
0.417564	2	1	3	1030	0.0167783
0.417564	2	1	3	1030	0.0167723
0.417564	2	1	3	1030	0.0167663
0.417564	2	1	3	1030	0.0167603
0.417564	2	1	3	1030	0.0167543
0.417564	2	1	3	1030	0.0167483
0.417564	2	1	3	1030	0.0167423
0.417564	2	1	3	1030	0.0167363
0.417564	2	1	3	1030	0.0167303
0.417564	2	1	3	1030	0.0167243
0.417564	2	1	3	1030	0.0167183
0.417564	2	1	3	1030	0.0167123
0.417564	2	1	3	1030	0.0167063
0.417564	2	1	3	1030	0.0167003
0.417564	2	1	3	1030	0.0166943
0.417564	2	1	3	1030	0.0166883
0.417564	2	1	3	1030	0.0166823
0.417564	2	1	3	1030	0.0166763
0.417564	2	1	3	1030	0.0166703
0.417564	2	1	3	1030	0.0166643
0.417564	2	1	3	1030	0.0166583
0.417564	2	1	3	1030	0.0166523
0.420064	2	1	3	1030	0.0191463
0.420064	2	1	3	1030	0.0191403
0.420064	2	1	3	1030	0.0191343
0.420064	2	1	3	1030	0.0191283
0.420064	2	1	3	1030	0.0191223
0.420064	2	1	3	1030	0.0191163
0.420064	2	1	3	1030	0.0191103
0.420064	2	1	3	1030	0.0191043
0.420064	2	1	3	1030	0.0190983
0.420064	2	1	3	1030	0.0190923
0.420064	2	1	3	1030	0.0190863
0.420064	2	1	3	1030	0.0190803
0.420064	2	1	3	1030	0.0190743
0.420064	2	1	3	1030	0.0190683
0.420064	2	1	3	1030	0.0190623
0.420064	2	1	3	1030	0.0190563
0.420064	2	1	3	1030	0.0190503
0.420064	2	1	3	1030	0.0190443
0.420064	2	1	3	1030	0.0190383
0.420064	2	1	3	1030	0.0190323
0.420064	2	1	3	1030	0.0190263
0.420064	2	1	3	1030	0.0190203
0.420064	2	1	3	1030	0.0190143
0.420064	2	1	3	1030	0.0190083
0.420064	2	1	3	1030	0.0190023
0.420064	2	1	3	1030	0.0189963
0.420064	2	1	3	1030	0.0189903
0.420064	2	1	3	1030	0.0189843
0.420064	2	1	3	1030	0.0189783
0.420064	2	1	3	1030	0.0189723
0.420064	2	1	3	1030	0.0189663
0.420064	2	1	3	1030	0.0189603
0.420064	2	1	3	1030	0.0189543
0.420064	2	1	3	1030	0.0189483
0.420064	2	1	3	1030	0.0189423
0.420064	2	1	3	1030	0.0189363
0.420064	2	1	3	1030	0.0189303
0.420064	2	1	3	1030	0.0189243
0.422564	2	1	3	1030	0.0214183
0.422564	2	1	3	1030	0.0214123
0.422564	2	1	3	1030	0.0214063
0.422564	2	1	3	1030	0.0214003
0.422564	2	1	3	1030	0.0213943
0.422564	2	1	3	1030	0.0213883
0.422564	2	1	3	1030	0.0213823
0.422564	2	1	3	1030	0.0213763
0.422564	2	1	3	1030	0.0213703
0.422564	2	1	3	1030	0.0213643
0.422564	2	1	3	1030	0.0213583
0.422564	2	1	3	1030	0.0213523
0.422564	2	1	3	1030	0.0213463
0.422564	2	1	3	1030	0.0213403
0.422564	2	1	3	1030	0.0213343
0.422564	2	1	3	1030	0.0213283
0.422564	2	1	3	1030	0.0213223
0.422564	2	1	3	1030	0.0213163
0.422564	2	1	3	1030	0.0213103
0.422564	2	1	3	1030	0.0213043
0.422564	2	1	3	1030	0.0212983
0.422564	2	1	3	1030	0.0212923
0.422564	2	1	3	1030	0.0212863
0.422564	2	1	3	1030	0.0212803
0.422564	2	1	3	1030	0.0212743
0.422564	2	1	3	1030	0.0212683
0.422564	2	1	3	1030	0.0212623
0.422564	2	1	3	1030	0.0212563
0.422564	2	1	3	1030	0.0212503
0.422564	2	1	3	1030	0.0212443
0.422564	2	1	3	1030	0.0212383
0.422564	2	1	3	1030	0.0212323
0.422564	2	1	3	1030	0.0212263
0.422564	2	1	3	1030	0.0212203
0.422564	2	1	3	1030	0.0212143
0.422564	2	1	3	1030	0.0212083
0.422564	2	1	3	1030	0.0212023
0.422564	2	1	3	1030	0.0211963
0.425064	2	1	3	1030	0.0236903
0.425064	2	1	3	1030	0.0236843
0.425064	2	1	3	1030	0.0236783
0.425064	2	1	3	1030	0.0236723
0.425064	2	1	3	1030	0.0236663
0.425064	2	1	3	1030	0.0236603
0.425064	2	1	3	1030	0.0236543
0.425064	2	1	3	1030	0.0236483
0.425064	2	1	3	1030	0.0236423
0.425064	2	1	3	1030	0.0236363
0.425064	2	1	3	1030	0.0236303
0.425064	2	1	3	1030	0.0236243
0.425064	2	1	3	1030	0.0236183
0.425064	2	1	3	1030	0.0236123
0.425064	2	1	3	1030	0.0236063
0.425064	2	1	3	1030	0.0236003
0.425064	2	1	3	1030	0.0235943
0.425064	2	1	3	1030	0.0235883
0.425064	2	1	3	1030	0.0235823
0.425064	2	1	3	1030	0.0235763
0.425064	2	1	3	1030	0.0235703
0.425064	2	1	3	1030	0.0235643
0.425064	2	1	3	1030	0.0235583
0.425064	2	1	3	1030	0.0235523
0.425064	2	1	3	1030	0.0235463
0.425064	2	1	3	1030	0.0235403
0.425064	2	1	3	1030	0.0235343
0.425064	2	1	3	1030	0.0235283
0.425064	2	1	3	1030	0.0235223
0.425064	2	1	3	1030	0.0235163
0.425064	2	1	3	1030	0.0235103
0.425064	2	1	3	1030	0.0235043
0.425064	2	1	3	1030	0.0234983
0.425064	2	1	3	1030	0.0234923
0.425064	2	1	3	1030	0.0234863
0.425064	2	1	3	1030	0.0234803
0.425064	2	1	3	1030	0.0234743
0.425064	2	1	3	1030	0.0234683
0.425064	2	1	3	1030	0.0234623
0.427564	2	1	3	1030	0.0259563
0.427564	2	1	3	1030	0.0259503
0.427564	2	1	3	1030	0.0259443
0.427564	2	1	3	1030	0.0259383
0.427564	2	1	3	1030	0.0259323
0.427564	2	1	3	1030	0.0259263
0.427564	2	1	3	1030	0.0259203
0.427564	2	1	3	1030	0.0259143
0.427564	2	1	3	1030	0.0259083
0.427564	2	1	3	1030	0.0259023
0.427564	2	1	3	1030	0.0258963
0.427564	2	1	3	1030	0.0258903
0.427564	2	1	3	1030	0.0258843
0.427564	2	1	3	1030	0.0258783
0.427564	2	1	3	1030	0.0258723
0.427564	2	1	3	1030	0.0258663
0.427564	2	1	3	1030	0.0258603
0.427564	2	1	3	1030	0.0258543
0.427564	2	1	3	1030	0.0258483
0.427564	2	1	3	1030	0.0258423
0.427564	2	1	3	1030	0.0258363
0.427564	2	1	3	1030	0.0258303
0.427564	2	1	3	1030	0.0258243
0.427564	2	1	3	1030	0.0258183
0.427564	2	1	3	1030	0.0258123
0.427564	2	1	3	1030	0.0258063
0.427564	2	1	3	1030	0.0258003
0.427564	2	1	3	1030	0.0257943
0.427564	2	1	3	1030	0.0257883
0.427564	2	1	3	1030	0.0257823
0.427564	2	1	3	1030	0.0257763
0.427564	2	1	3	1030	0.0257703
0.427564	2	1	3	1030	0.0257643
0.427564	2	1	3	1030	0.0257583
0.427564	2	1	3	1030	0.0257523
0.427564	2	1	3	1030	0.0257463
0.427564	2	1	3	1030	0.0257403
0.427564	2	1	3	1030	0.0257343
0.430064	2	1	3	1030	0.0282283
0.430064	2	1	3	1030	0.0282223
0.430064	2	1	3	1030	0.0282163
0.430064	2	1	3	1030	0.0282103
0.430064	2	1	3	1030	0.0282043
0.430064	2	1	3	1030	0.0281983
0.430064	2	1	3	1030	0.0281923
0.430064	2	1	3	1030	0.0281863
0.430064	2	1	3	1030	0.0281803
0.430064	2	1	3	1030	0.0281743
0.430064	2	1	3	1030	0.0281683
0.430064	2	1	3	1030	0.0281623
0.430064	2	1	3	1030	0.0281563
0.430064	2	1	3	1030	0.0281503
0.430064	2	1	3	1030	0.0281443
0.430064	2	1	3	1030	0.0281383
0.430064	2	1	3	1030	0.0281323
0.430064	2	1	3	1030	0.0281263
0.430064	2	1	3	1030	0.0281203
0.430064	2	1	3	1030	0.0281143
0.430064	2	1	3	1030	0.0281083
0.430064	2	1	3	1030	0.0281023
0.430064	2	1	3	1030	0.0280963
0.430064	2	1	3	1030	0.0280903
0.430064	2	1	3	1030	0.0280843
0.430064	2	1	3	1030	0.0280783
0.430064	2	1	3	1030	0.0280723
0.430064	2	1	3	1030	0.0280663
0.430064	2	1	3	1030	0.0280603
0.430064	2	1	3	1030	0.0280543
0.430064	2	1	3	1030	0.0280483
0.430064	2	1	3	1030	0.0280423
0.430064	2	1	3	1030	0.0280363
0.430064	2	1	3	1030	0.0280303
0.430064	2	1	3	1030	0.0280243
0.430064	2	1	3	1030	0.0280183
0.430064	2	1	3	1030	0.0280123
0.430064	2	1	3	1030	0.0280063
0.432564	2	1	3	1030	0.0305003
0.432564	2	1	3	1030	0.0304943
0.432564	2	1	3	1030	0.0304883
0.432564	2	1	3	1030	0.0304823
0.432564	2	1	3	1030	0.0304763
0.432564	2	1	3	1030	0.0304703
0.432564	2	1	3	1030	0.0304643
0.432564	2	1	3	1030	0.0304583
0.432564	2	1	3	1030	0.0304523
0.432564	2	1	3	1030	0.0304463
0.432564	2	1	3	1030	0.0304403
0.432564	2	1	3	1030	0.0304343
0.432564	2	1	3	1030	0.0304283
0.432564	2	1	3	1030	0.0304223
0.432564	2	1	3	1030	0.0304163
0.432564	2	1	3	1030	0.0304103
0.432564	2	1	3	1030	0.0304043
0.432564	2	1	3	1030	0.0303983
0.432564	2	1	3	1030	0.0303923
0.432564	2	1	3	1030	0.0303863
0.432564	2	1	3	1030	0.0303803
0.432564	2	1	3	1030	0.0303743
0.432564	2	1	3	1030	0.0303683
0.432564	2	1	3	1030	0.0303623
0.432564	2	1	3	1030	0.0303563
0.432564	2	1	3	1030	0.0303503
0.432564	2	1	3	1030	0.0303443
0.432564	2	1	3	1030	0.0303383
0.432564	2	1	3	1030	0.0303323
0.432564	2	1	3	1030	0.0303263
0.432564	2	1	3	1030	0.0303203
0.432564	2	1	3	1030	0.0303143
0.432564	2	1	3	1030	0.0303083
0.432564	2	1	3	1030	0.0303023
0.432564	2	1	3	1030	0.0302963
0.432564	2	1	3	1030	0.0302903
0.432564	2	1	3	1030	0.0302843
0.432564	2	1	3	1030	0.0302783
0.435064	2	1	3	1030	0.0327723
0.435064	2	1	3	1030	0.0327663
0.435064	2	1	3	1030	0.0327603
0.435064	2	1	3	1030	0.0327543
0.435064	2	1	3	1030	0.0327483
0.435064	2	1	3	1030	0.0327423
0.435064	2	1	3	1030	0.0327363
0.435064	2	1	3	1030	0.0327303
0.435064	2	1	3	1030	0.0327243
0.435064	2	1	3	1030	0.0327183
0.435064	2	1	3	1030	0.0327123
0.435064	2	1	3	1030	0.0327063
0.435064	2	1	3	1030	0.0327003
0.435064	2	1	3	1030	0.0326943
0.435064	2	1	3	1030	0.0326883
0.435064	2	1	3	1030	0.0326823
0.435064	2	1	3	1030	0.0326763
0.435064	2	1	3	1030	0.0326703
0.435064	2	1	3	1030	0.0326643
0.435064	2	1	3	1030	0.0326583
0.435064	2	1	3	1030	0.0326523
0.435064	2	1	3	1030	0.0326463
0.435064	2	1	3	1030	0.0326403
0.435064	2	1	3	1030	0.0326343
0.435064	2	1	3	1030	0.0326283
0.435064	2	1	3	1030	0.0326223
0.435064	2	1	3	1030	0.0326163
0.435064	2	1	3	1030	0.0326103
0.435064	2	1	3	1030	0.0326043
0.435064	2	1	3	1030	0.0325983
0.435064	2	1	3	1030	0.0325923
0.435064	2	1	3	1030	0.0325863
0.435064	2	1	3	1030	0.0325803
0.435064	2	1	3	1030	0.0325743
0.435064	2	1	3	1030	0.0325683
0.435064	2	1	3	1030	0.0325623
0.435064	2	1	3	1030	0.0325563
0.435064	2	1	3	1030	0.0325503
0.435064	2	1	3	1030	0.0325443
0.437564	2	1	3	1030	0.0350383
0.437564	2	1	3	1030	0.0350323
0.437564	2	1	3	1030	0.0350263
0.437564	2	1	3	1030	0.0350203
0.437564	2	1	3	1030	0.0350143
0.437564	2	1	3	1030	0.0350083
0.437564	2	1	3	1030	0.0350023
0.437564	2	1	3	1030	0.0349963
0.437564	2	1	3	1030	0.0349903
0.437564	2	1	3	1030	0.0349843
0.437564	2	1	3	1030	0.0349783
0.437564	2	1	3	1030	0.0349723
0.437564	2	1	3	1030	0.0349663
0.437564	2	1	3	1030	0.0349603
0.437564	2	1	3	1030	0.0349543
0.437564	2	1	3	1030	0.0349483
0.437564	2	1	3	1030	0.0349423
0.437564	2	1	3	1030	0.0349363
0.437564	2	1	3	1030	0.0349303
0.437564	2	1	3	1030	0.0349243
0.437564	2	1	3	1030	0.0349183
0.437564	2	1	3	1030	0.0349123
0.437564	2	1	3	1030	0.0349063
0.437564	2	1	3	1030	0.0349003
0.437564	2	1	3	1030	0.0348943
0.437564	2	1	3	1030	0.0348883
0.437564	2	1	3	1030	0.0348823
0.437564	2	1	3	1030	0.0348763
0.437564	2	1	3	1030	0.0348703
0.437564	2	1	3	1030	0.0348643
0.437564	2	1	3	1030	0.0348583
0.437564	2	1	3	1030	0.0348523
0.437564	2	1	3	1030	0.0348463
0.437564	2	1	3	1030	0.0348403
0.437564	2	1	3	1030	0.0348343
0.437564	2	1	3	1030	0.0348283
0.437564	2	1	3	1030	0.0348223
0.437564	2	1	3	1030	0.0348163
0.440064	2	1	3	1030	0.0373103
0.440064	2	1	3	1030	0.0373043
0.440064	2	1	3	1030	0.0372983
0.440064	2	1	3	1030	0.0372923
0.440064	2	1	3	1030	0.0372863
0.440064	2	1	3	1030	0.0372803
0.440064	2	1	3	1030	0.0372743
0.440064	2	1	3	1030	0.0372683
0.440064	2	1	3	1030	0.0372623
0.440064	2	1	3	1030	0.0372563
0.440064	2	1	3	1030	0.0372503
0.440064	2	1	3	1030	0.0372443
0.440064	2	1	3	1030	0.0372383
0.440064	2	1	3	1030	0.0372323
0.440064	2	1	3	1030	0.0372263
0.440064	2	1	3	1030	0.0372203
0.440064	2	1	3	1030	0.0372143
0.440064	2	1	3	1030	0.0372083
0.440064	2	1	3	1030	0.0372023
0.440064	2	1	3	1030	0.0371963
0.440064	2	1	3	1030	0.0371903
0.440064	2	1	3	1030	0.0371843
0.440064	2	1	3	1030	0.0371783
0.440064	2	1	3	1030	0.0371723
0.440064	2	1	3	1030	0.0371663
0.440064	2	1	3	1030	0.0371603
0.440064	2	1	3	1030	0.0371543
0.440064	2	1	3	1030	0.0371483
0.440064	2	1	3	1030	0.0371423
0.440064	2	1	3	1030	0.0371363
0.440064	2	1	3	1030	0.0371303
0.440064	2	1	3	1030	0.0371243
0.440064	2	1	3	1030	0.0371183
0.440064	2	1	3	1030	0.0371123
0.440064	2	1	3	1030	0.0371063
0.440064	2	1	3	1030	0.0371003
0.440064	2	1	3	1030	0.0370943
0.440064	2	1	3	1030	0.0370883
0.442564	2	1	3	1030	0.0395823
0.442564	2	1	3	1030	0.0395763
0.442564	2	1	3	1030	0.0395703
0.442564	2	1	3	1030	0.0395643
0.442564	2	1	3	1030	0.0395583
0.442564	2	1	3	1030	0.0395523
0.442564	2	1	3	1030	0.0395463
0.442564	2	1	3	1030	0.0395403
0.442564	2	1	3	1030	0.0395343
0.442564	2	1	3	1030	0.0395283
0.442564	2	1	3	1030	0.0395223
0.442564	2	1	3	1030	0.0395163
0.442564	2	1	3	1030	0.0395103
0.442564	2	1	3	1030	0.0395043
0.442564	2	1	3	1030	0.0394983
0.442564	2	1	3	1030	0.0394923
0.442564	2	1	3	1030	0.0394863
0.442564	2	1	3	1030	0.0394803
0.442564	2	1	3	1030	0.0394743
0.442564	2	1	3	1030	0.0394683
0.442564	2	1	3	1030	0.0394623
0.442564	2	1	3	1030	0.0394563
0.442564	2	1	3	1030	0.0394503
0.442564	2	1	3	1030	0.0394443
0.442564	2	1	3	1030	0.0394383
0.442564	2	1	3	1030	0.0394323
0.442564	2	1	3	1030	0.0394263
0.442564	2	1	3	1030	0.0394203
0.442564	2	1	3	1030	0.0394143
0.442564	2	1	3	1030	0.0394083
0.442564	2	1	3	1030	0.0394023
0.442564	2	1	3	1030	0.0393963
0.442564	2	1	3	1030	0.0393903
0.442564	2	1	3	1030	0.0393843
0.442564	2	1	3	1030	0.0393783
0.442564	2	1	3	1030	0.0393723
0.442564	2	1	3	1030	0.0393663
0.442564	2	1	3	1030	0.0393603
0.442564	2	1	3	1030	0.0393543
0.445064	2	1	3	1030	0.0418483
0.445064	2	1	3	1030	0.0418423
0.445064	2	1	3	1030	0.0418363
0.445064	2	1	3	1030	0.0418303
0.445064	2	1	3	1030	0.0418243
0.445064	2	1	3	1030	0.0418183
0.445064	2	1	3	1030	0.0418123
0.445064	2	1	3	1030	0.0418063
0.445064	2	1	3	1030	0.0418003
0.445064	2	1	3	1030	0.0417943
0.445064	2	1	3	1030	0.0417883
0.445064	2	1	3	1030	0.0417823
0.445064	2	1	3	1030	0.0417763
0.445064	2	1	3	1030	0.0417703
0.445064	2	1	3	1030	0.0417643
0.445064	2	1	3	1030	0.0417583
0.445064	2	1	3	1030	0.0417523
0.445064	2	1	3	1030	0.0417463
0.445064	2	1	3	1030	0.0417403
0.445064	2	1	3	1030	0.0417343
0.445064	2	1	3	1030	0.0417283
0.445064	2	1	3	1030	0.0417223
0.445064	2	1	3	1030	0.0417163
0.445064	2	1	3	1030	0.0417103
0.445064	2	1	3	1030	0.0417043
0.445064	2	1	3	1030	0.0416983
0.445064	2	1	3	1030	0.0416923
0.445064	2	1	3	1030	0.0416863
0.445064	2	1	3	1030	0.0416803
0.445064	2	1	3	1030	0.0416743
0.445064	2	1	3	1030	0.0416683
0.445064	2	1	3	1030	0.0416623
0.445064	2	1	3	1030	0.0416563
0.445064	2	1	3	1030	0.0416503
0.445064	2	1	3	1030	0.0416443
0.445064	2	1	3	1030	0.0416383
0.445064	2	1	3	1030	0.0416323
0.445064	2	1	3	1030	0.0416263
0.447564	2	1	3	1030	0.0441203
0.447564	2	1	3	1030	0.0441143
0.447564	2	1	3	1030	0.0441083
0.447564	2	1	3	1030	0.0441023
0.447564	2	1	3	1030	0.0440963
0.447564	2	1	3	1030	0.0440903
0.447564	2	1	3	1030	0.0440843
0.447564	2	1	3	1030	0.0440783
0.447564	2	1	3	1030	0.0440723
0.447564	2	1	3	1030	0.0440663
0.447564	2	1	3	1030	0.0440603
0.447564	2	1	3	1030	0.0440543
0.447564	2	1	3	1030	0.0440483
0.447564	2	1	3	1030	0.0440423
0.447564	2	1	3	1030	0.0440363
0.447564	2	1	3	1030	0.0440303
0.447564	2	1	3	1030	0.0440243
0.447564	2	1	3	1030	0.0440183
0.447564	2	1	3	1030	0.0440123
0.447564	2	1	3	1030	0.0440063
0.447564	2	1	3	1030	0.0440003
0.447564	2	1	3	1030	0.0439943
0.447564	2	1	3	1030	0.0439883
0.447564	2	1	3	1030	0.0439823
0.447564	2	1	3	1030	0.0439763
0.447564	2	1	3	1030	0.0439703
0.447564	2	1	3	1030	0.0439643
0.447564	2	1	3	1030	0.0439583
0.447564	2	1	3	1030	0.0439523
0.447564	2	1	3	1030	0.0439463
0.447564	2	1	3	1030	0.0439403
0.447564	2	1	3	1030	0.0439343
0.447564	2	1	3	1030	0.0439283
0.447564	2	1	3	1030	0.0439223
0.447564	2	1	3	1030	0.0439163
0.447564	2	1	3	1030	0.0439103
0.447564	2	1	3	1030	0.0439043
0.447564	2	1	3	1030	0.0438983
0.450064	2	1	3	1030	0.0463923
0.450064	2	1	3	1030	0.0463863
0.450064	2	1	3	1030	0.0463803
0.450064	2	1	3	1030	0.0463743
0.450064	2	1	3	1030	0.0463683
0.450064	2	1	3	1030	0.0463623
0.450064	2	1	3	1030	0.0463563
0.450064	2	1	3	1030	0.0463503
0.450064	2	1	3	1030	0.0463443
0.450064	2	1	3	1030	0.0463383
0.450064	2	1	3	1030	0.0463323
0.450064	2	1	3	1030	0.0463263
0.450064	2	1	3	1030	0.0463203
0.450064	2	1	3	1030	0.0463143
0.450064	2	1	3	1030	0.0463083
0.450064	2	1	3	1030	0.0463023
0.450064	2	1	3	1030	0.0462963
0.450064	2	1	3	1030	0.0462903
0.450064	2	1	3	1030	0.0462843
0.450064	2	1	3	1030	0.0462783
0.450064	2	1	3	1030	0.0462723
0.450064	2	1	3	1030	0.0462663
0.450064	2	1	3	1030	0.0462603
0.450064	2	1	3	1030	0.0462543
0.450064	2	1	3	1030	0.0462483
0.450064	2	1	3	1030	0.0462423
0.450064	2	1	3	1030	0.0462363
0.450064	2	1	3	1030	0.0462303
0.450064	2	1	3	1030	0.0462243
0.450064	2	1	3	1030	0.0462183
0.450064	2	1	3	1030	0.0462123
0.450064	2	1	3	1030	0.0462063
0.450064	2	1	3	1030	0.0462003
0.450064	2	1	3	1030	0.0461943
0.450064	2	1	3	1030	0.0461883
0.450064	2	1	3	1030	0.0461823
0.450064	2	1	3	1030	0.0461763
0.450064	2	1	3	1030	0.0461703
0.452564	2	1	3	1030	0.0486643
0.452564	2	1	3	1030	0.0486583
0.452564	2	1	3	1030	0.0486523
0.452564	2	1	3	1030	0.0486463
0.452564	2	1	3	1030	0.0486403
0.452564	2	1	3	1030	0.0486343
0.452564	2	1	3	1030	0.0486283
0.452564	2	1	3	1030	0.0486223
0.452564	2	1	3	1030	0.0486163
0.452564	2	1	3	1030	0.0486103
0.452564	2	1	3	1030	0.0486043
0.452564	2	1	3	1030	0.0485983
0.452564	2	1	3	1030	0.0485923
0.452564	2	1	3	1030	0.0485863
0.452564	2	1	3	1030	0.0485803
0.452564	2	1	3	1030	0.0485743
0.452564	2	1	3	1030	0.0485683
0.452564	2	1	3	1030	0.0485623
0.452564	2	1	3	1030	0.0485563
0.452564	2	1	3	1030	0.0485503
0.452564	2	1	3	1030	0.0485443
0.452564	2	1	3	1030	0.0485383
0.452564	2	1	3	1030	0.0485323
0.452564	2	1	3	1030	0.0485263
0.452564	2	1	3	1030	0.0485203
0.452564	2	1	3	1030	0.0485143
0.452564	2	1	3	1030	0.0485083
0.452564	2	1	3	1030	0.0485023
0.452564	2	1	3	1030	0.0484963
0.452564	2	1	3	1030	0.0484903
0.452564	2	1	3	1030	0.0484843
0.452564	2	1	3	1030	0.0484783
0.452564	2	1	3	1030	0.0484723
0.452564	2	1	3	1030	0.0484663
0.452564	2	1	3	1030	0.0484603
0.452564	2	1	3	1030	0.0484543
0.452564	2	1	3	1030	0.0484483
0.452564	2	1	3	1030	0.0484423
0.452564	2	1	3	1030	0.0484363
0.455064	2	1	3	1030	0.0509303
0.455064	2	1	3	1030	0.0509243
0.455064	2	1	3	1030	0.0509183
0.455064	2	1	3	1030	0.0509123
0.455064	2	1	3	1030	0.0509063
0.455064	2	1	3	1030	0.0509003
0.455064	2	1	3	1030	0.0508943
0.455064	2	1	3	1030	0.0508883
0.455064	2	1	3	1030	0.0508823
0.455064	2	1	3	1030	0.0508763
0.455064	2	1	3	1030	0.0508703
0.455064	2	1	3	1030	0.0508643
0.455064	2	1	3	1030	0.0508583
0.455064	2	1	3	1030	0.0508523
0.455064	2	1	3	1030	0.0508463
0.455064	2	1	3	1030	0.0508403
0.455064	2	1	3	1030	0.0508343
0.455064	2	1	3	1030	0.0508283
0.455064	2	1	3	1030	0.0508223
0.455064	2	1	3	1030	0.0508163
0.455064	2	1	3	1030	0.0508103
0.455064	2	1	3	1030	0.0508043
0.455064	2	1	3	1030	0.0507983
0.455064	2	1	3	1030	0.0507923
0.455064	2	1	3	1030	0.0507863
0.455064	2	1	3	1030	0.0507803
0.455064	2	1	3	1030	0.0507743
0.455064	2	1	3	1030	0.0507683
0.455064	2	1	3	1030	0.0507623
0.455064	2	1	3	1030	0.0507563
0.455064	2	1	3	1030	0.0507503
0.455064	2	1	3	1030	0.0507443
0.455064	2	1	3	1030	0.0507383
0.455064	2	1	3	1030	0.0507323
0.455064	2	1	3	1030	0.0507263
0.455064	2	1	3	1030	0.0507203
0.455064	2	1	3	1030	0.0507143
0.455064	2	1	3	1030	0.0507083
0.457564	2	1	3	1030	0.0532023
0.457564	2	1	3	1030	0.0531963
0.457564	2	1	3	1030	0.0531903
0.457564	2	1	3	1030	0.0531843
0.457564	2	1	3	1030	0.0531783
0.457564	2	1	3	1030	0.0531723
0.457564	2	1	3	1030	0.0531663
0.457564	2	1	3	1030	0.0531603
0.457564	2	1	3	1030	0.0531543
0.457564	2	1	3	1030	0.0531483
0.457564	2	1	3	1030	0.0531423
0.457564	2	1	3	1030	0.0531363
0.457564	2	1	3	1030	0.0531303
0.457564	2	1	3	1030	0.0531243
0.457564	2	1	3	1030	0.0531183
0.457564	2	1	3	1030	0.0531123
0.457564	2	1	3	1030	0.0531063
0.457564	2	1	3	1030	0.0531003
0.457564	2	1	3	1030	0.0530943
0.457564	2	1	3	1030	0.0530883
0.457564	2	1	3	1030	0.0530823
0.457564	2	1	3	1030	0.0530763
0.457564	2	1	3	1030	0.0530703
0.457564	2	1	3	1030	0.0530643
0.457564	2	1	3	1030	0.0530583
0.457564	2	1	3	1030	0.0530523
0.457564	2	1	3	1030	0.0530463
0.457564	2	1	3	1030	0.0530403
0.457564	2	1	3	1030	0.0530343
0.457564	2	1	3	1030	0.0530283
0.457564	2	1	3	1030	0.0530223
0.457564	2	1	3	1030	0.0530163
0.457564	2	1	3	1030	0.0530103
0.457564	2	1	3	1030	0.0530043
0.457564	2	1	3	1030	0.0529983
0.457564	2	1	3	1030	0.0529923
0.457564	2	1	3	1030	0.0529863
0.457564	2	1	3	1030	0.0529803
0.460064	2	1	3	1030	0.0554743
0.460064	2	1	3	1030	0.0554683
0.460064	2	1	3	1030	0.0554623
0.460064	2	1	3	1030	0.0554563
0.460064	2	1	3	1030	0.0554503
0.460064	2	1	3	1030	0.0554443
0.460064	2	1	3	1030	0.0554383
0.460064	2	1	3	1030	0.0554323
0.460064	2	1	3	1030	0.0554263
0.460064	2	1	3	1030	0.0554203
0.460064	2	1	3	1030	0.0554143
0.460064	2	1	3	1030	0.0554083
0.460064	2	1	3	1030	0.0554023
0.460064	2	1	3	1030	0.0553963
0.460064	2	1	3	1030	0.0553903
0.460064	2	1	3	1030	0.0553843
0.460064	2	1	3	1030	0.0553783
0.460064	2	1	3	1030	0.0553723
0.460064	2	1	3	1030	0.0553663
0.460064	2	1	3	1030	0.0553603
0.460064	2	1	3	1030	0.0553543
0.460064	2	1	3	1030	0.0553483
0.460064	2	1	3	1030	0.0553423
0.460064	2	1	3	1030	0.0553363
0.460064	2	1	3	1030	0.0553303
0.460064	2	1	3	1030	0.0553243
0.460064	2	1	3	1030	0.0553183
0.460064	2	1	3	1030	0.0553123
0.460064	2	1	3	1030	0.0553063
0.460064	2	1	3	1030	0.0553003
0.460064	2	1	3	1030	0.0552943
0.460064	2	1	3	1030	0.0552883
0.460064	2	1	3	1030	0.0552823
0.460064	2	1	3	1030	0.0552763
0.460064	2	1	3	1030	0.0552703
0.460064	2	1	3	1030	0.0552643
0.460064	2	1	3	1030	0.0552583
0.460064	2	1	3	1030	0.0552523
0.462564	2	1	3	1030	0.0577463
0.462564	2	1	3	1030	0.0577403
0.462564	2	1	3	1030	0.0577343
0.462564	2	1	3	1030	0.0577283
0.462564	2	1	3	1030	0.0577223
0.462564	2	1	3	1030	0.0577163
0.462564	2	1	3	1030	0.0577103
0.462564	2	1	3	1030	0.0577043
0.462564	2	1	3	1030	0.0576983
0.462564	2	1	3	1030	0.0576923
0.462564	2	1	3	1030	0.0576863
0.462564	2	1	3	1030	0.0576803
0.462564	2	1	3	1030	0.0576743
0.462564	2	1	3	1030	0.0576683
0.462564	2	1	3	1030	0.0576623
0.462564	2	1	3	1030	0.0576563
0.462564	2	1	3	1030	0.0576503
0.462564	2	1	3	1030	0.0576443
0.462564	2	1	3	1030	0.0576383
0.462564	2	1	3	1030	0.0576323
0.462564	2	1	3	1030	0.0576263
0.462564	2	1	3	1030	0.0576203
0.462564	2	1	3	1030	0.0576143
0.462564	2	1	3	1030	0.0576083
0.462564	2	1	3	1030	0.0576023
0.462564	2	1	3	1030	0.0575963
0.462564	2	1	3	1030	0.0575903
0.462564	2	1	3	1030	0.0575843
0.462564	2	1	3	1030	0.0575783
0.462564	2	1	3	1030	0.0575723
0.462564	2	1	3	1030	0.0575663
0.462564	2	1	3	1030	0.0575603
0.462564	2	1	3	1030	0.0575543
0.462564	2	1	3	1030	0.0575483
0.462564	2	1	3	1030	0.0575423
0.462564	2	1	3	1030	0.0575363
0.462564	2	1	3	1030	0.0575303
0.462564	2	1	3	1030	0.0575243
0.462564	2	1	3	1030	0.0575183
0.465064	2	1	3	1030	0.0600123
0.465064	2	1	3	1030	0.0600063
0.465064	2	1	3	1030	0.0600003
0.465064	2	1	3	1030	0.0599943
0.465064	2	1	3	1030	0.0599883
0.465064	2	1	3	1030	0.0599823
0.465064	2	1	3	1030	0.0599763
0.465064	2	1	3	1030	0.0599703
0.465064	2	1	3	1030	0.0599643
0.465064	2	1	3	1030	0.0599583
0.465064	2	1	3	1030	0.0599523
0.465064	2	1	3	1030	0.0599463
0.465064	2	1	3	1030	0.0599403
0.465064	2	1	3	1030	0.0599343
0.465064	2	1	3	1030	0.0599283
0.465064	2	1	3	1030	0.0599223
0.465064	2	1	3	1030	0.0599163
0.465064	2	1	3	1030	0.0599103
0.465064	2	1	3	1030	0.0599043
0.465064	2	1	3	1030	0.0598983
0.465064	2	1	3	1030	0.0598923
0.465064	2	1	3	1030	0.0598863
0.465064	2	1	3	1030	0.0598803
0.465064	2	1	3	1030	0.0598743
0.465064	2	1	3	1030	0.0598683
0.465064	2	1	3	1030	0.0598623
0.465064	2	1	3	1030	0.0598563
0.465064	2	1	3	1030	0.0598503
0.465064	2	1	3	1030	0.0598443
0.465064	2	1	3	1030	0.0598383
0.465064	2	1	3	1030	0.0598323
0.465064	2	1	3	1030	0.0598263
0.465064	2	1	3	1030	0.0598203
0.465064	2	1	3	1030	0.0598143
0.465064	2	1	3	1030	0.0598083
0.465064	2	1	3	1030	0.0598023
0.465064	2	1	3	1030	0.0597963
0.465064	2	1	3	1030	0.0597903
0.467564	2	1	3	1030	0.0622843
0.467564	2	1	3	1030	0.0622783
0.467564	2	1	3	1030	0.0622723
0.467564	2	1	3	1030	0.0622663
0.467564	2	1	3	1030	0.0622603
0.467564	2	1	3	1030	0.0622543
0.467564	2	1	3	1030	0.0622483
0.467564	2	1	3	1030	0.0622423
0.467564	2	1	3	1030	0.0622363
0.467564	2	1	3	1030	0.0622303
0.467564	2	1	3	1030	0.0622243
0.467564	2	1	3	1030	0.0622183
0.467564	2	1	3	1030	0.0622123
0.467564	2	1	3	1030	0.0622063
0.467564	2	1	3	1030	0.0622003
0.467564	2	1	3	1030	0.0621943
0.467564	2	1	3	1030	0.0621883
0.467564	2	1	3	1030	0.0621823
0.467564	2	1	3	1030	0.0621763
0.467564	2	1	3	1030	0.0621703
0.467564	2	1	3	1030	0.0621643
0.467564	2	1	3	1030	0.0621583
0.467564	2	1	3	1030	0.0621523
0.467564	2	1	3	1030	0.0621463
0.467564	2	1	3	1030	0.0621403
0.467564	2	1	3	1030	0.0621343
0.467564	2	1	3	1030	0.0621283
0.467564	2	1	3	1030	0.0621223
0.467564	2	1	3	1030	0.0621163
0.467564	2	1	3	1030	0.0621103
0.467564	2	1	3	1030	0.0621043
0.467564	2	1	3	1030	0.0620983
0.467564	2	1	3	1030	0.0620923
0.467564	2	1	3	1030	0.0620863
0.467564	2	1	3	1030	0.0620803
0.467564	2	1	3	1030	0.0620743
0.467564	2	1	3	1030	0.0620683
0.467564	2	1	3	1030	0.0620623
0.470064	2	1	3	1030	0.0645563
0.470064	2	1	3	1030	0.0645503
0.470064	2	1	3	1030	0.0645443
0.470064	2	1	3	1030	0.0645383
0.470064	2	1	3	1030	0.0645323
0.470064	2	1	3	1030	0.0645263
0.470064	2	1	3	1030	0.0645203
0.470064	2	1	3	1030	0.0645143
0.470064	2	1	3	1030	0.0645083
0.470064	2	1	3	1030	0.0645023
0.470064	2	1	3	1030	0.0644963
0.470064	2	1	3	1030	0.0644903
0.470064	2	1	3	1030	0.0644843
0.470064	2	1	3	1030	0.0644783
0.470064	2	1	3	1030	0.0644723
0.470064	2	1	3	1030	0.0644663
0.470064	2	1	3	1030	0.0644603
0.470064	2	1	3	1030	0.0644543
0.470064	2	1	3	1030	0.0644483
0.470064	2	1	3	1030	0.0644423
0.470064	2	1	3	1030	0.0644363
0.470064	2	1	3	1030	0.0644303
0.470064	2	1	3	1030	0.0644243
0.470064	2	1	3	1030	0.0644183
0.470064	2	1	3	1030	0.0644123
0.470064	2	1	3	1030	0.0644063
0.470064	2	1	3	1030	0.0644003
0.470064	2	1	3	1030	0.0643943
0.470064	2	1	3	1030	0.0643883
0.470064	2	1	3	1030	0.0643823
0.470064	2	1	3	1030	0.0643763
0.470064	2	1	3	1030	0.0643703
0.470064	2	1	3	1030	0.0643643
0.470064	2	1	3	1030	0.0643583
0.470064	2	1	3	1030	0.0643523
0.470064	2	1	3	1030	0.0643463
0.470064	2	1	3	1030	0.0643403
0.470064	2	1	3	1030	0.0643343
0.470064	2	1	3	1030	0.0643283
0.472564	2	1	3	1030	0.0668223
0.472564	2	1	3	1030	0.0668163
0.472564	2	1	3	1030	0.0668103
0.472564	2	1	3	1030	0.0668043
0.472564	2	1	3	1030	0.0667983
0.472564	2	1	3	1030	0.0667923
0.472564	2	1	3	1030	0.0667863
0.472564	2	1	3	1030	0.0667803
0.472564	2	1	3	1030	0.0667743
0.472564	2	1	3	1030	0.0667683
0.472564	2	1	3	1030	0.0667623
0.472564	2	1	3	1030	0.0667563
0.472564	2	1	3	1030	0.0667503
0.472564	2	1	3	1030	0.0667443
0.472564	2	1	3	1030	0.0667383
0.472564	2	1	3	1030	0.0667323
0.472564	2	1	3	1030	0.0667263
0.472564	2	1	3	1030	0.0667203
0.472564	2	1	3	1030	0.0667143
0.472564	2	1	3	1030	0.0667083
0.472564	2	1	3	1030	0.0667023
0.472564	2	1	3	1030	0.0666963
0.472564	2	1	3	1030	0.0666903
0.472564	2	1	3	1030	0.0666843
0.472564	2	1	3	1030	0.0666783
0.472564	2	1	3	1030	0.0666723
0.472564	2	1	3	1030	0.0666663
0.472564	2	1	3	1030	0.0666603
0.472564	2	1	3	1030	0.0666543
0.472564	2	1	3	1030	0.0666483
0.472564	2	1	3	1030	0.0666423
0.472564	2	1	3	1030	0.0666363
0.472564	2	1	3	1030	0.0666303
0.472564	2	1	3	1030	0.0666243
0.472564	2	1	3	1030	0.0666183
0.472564	2	1	3	1030	0.0666123
0.472564	2	1	3	1030	0.0666063
0.472564	2	1	3	1030	0.0666003
0.475064	2	1	3	1030	0.0690943
0.475064	2	1	3	1030	0.0690883
0.475064	2	1	3	1030	0.0690823
0.475064	2	1	3	1030	0.0690763
0.475064	2	1	3	1030	0.0690703
0.475064	2	1	3	1030	0.0690643
0.475064	2	1	3	1030	0.0690583
0.475064	2	1	3	1030	0.0690523
0.475064	2	1	3	1030	0.0690463
0.475064	2	1	3	1030	0.0690403
0.475064	2	1	3	1030	0.0690343
0.475064	2	1	3	1030	0.0690283
0.475064	2	1	3	1030	0.0690223
0.475064	2	1	3	1030	0.0690163
0.475064	2	1	3	1030	0.0690103
0.475064	2	1	3	1030	0.0690043
0.475064	2	1	3	1030	0.0689983
0.475064	2	1	3	1030	0.0689923
0.475064	2	1	3	1030	0.0689863
0.475064	2	1	3	1030	0.0689803
0.475064	2	1	3	1030	0.0689743
0.475064	2	1	3	1030	0.0689683
0.475064	2	1	3	1030	0.0689623
0.475064	2	1	3	1030	0.0689563
0.475064	2	1	3	1030	0.0689503
0.475064	2	1	3	1030	0.0689443
0.475064	2	1	3	1030	0.0689383
0.475064	2	1	3	1030	0.0689323
0.475064	2	1	3	1030	0.0689263
0.475064	2	1	3	1030	0.0689203
0.475064	2	1	3	1030	0.0689143
0.475064	2	1	3	1030	0.0689083
0.475064	2	1	3	1030	0.0689023
0.475064	2	1	3	1030	0.0688963
0.475064	2	1	3	1030	0.0688903
0.475064	2	1	3	1030	0.0688843
0.475064	2	1	3	1030	0.0688783
0.475064	2	1	3	1030	0.0688723
0.477564	2	1	3	1030	0.0713663
0.477564	2	1	3	1030	0.0713603
0.477564	2	1	3	1030	0.0713543
0.477564	2	1	3	1030	0.0713483
0.477564	2	1	3	1030	0.0713423
0.477564	2	1	3	1030	0.0713363
0.477564	2	1	3	1030	0.0713303
0.477564	2	1	3	1030	0.0713243
0.477564	2	1	3	1030	0.0713183
0.477564	2	1	3	1030	0.0713123
0.477564	2	1	3	1030	0.0713063
0.477564	2	1	3	1030	0.0713003
0.477564	2	1	3	1030	0.0712943
0.477564	2	1	3	1030	0.0712883
0.477564	2	1	3	1030	0.0712823
0.477564	2	1	3	1030	0.0712763
0.477564	2	1	3	1030	0.0712703
0.477564	2	1	3	1030	0.0712643
0.477564	2	1	3	1030	0.0712583
0.477564	2	1	3	1030	0.0712523
0.477564	2	1	3	1030	0.0712463
0.477564	2	1	3	1030	0.0712403
0.477564	2	1	3	1030	0.0712343
0.477564	2	1	3	1030	0.0712283
0.477564	2	1	3	1030	0.0712223
0.477564	2	1	3	1030	0.0712163
0.477564	2	1	3	1030	0.0712103
0.477564	2	1	3	1030	0.0712043
0.477564	2	1	3	1030	0.0711983
0.477564	2	1	3	1030	0.0711923
0.477564	2	1	3	1030	0.0711863
0.477564	2	1	3	1030	0.0711803
0.477564	2	1	3	1030	0.0711743
0.477564	2	1	3	1030	0.0711683
0.477564	2	1	3	1030	0.0711623
0.477564	2	1	3	1030	0.0711563
0.477564	2	1	3	1030	0.0711503
0.477564	2	1	3	1030	0.0711443
0.480064	2	1	3	1030	0.0736383
0.480064	2	1	3	1030	0.0736323
0.480064	2	1	3	1030	0.0736263
0.480064	2	1	3	1030	0.0736203
0.480064	2	1	3	1030	0.0736143
0.480064	2	1	3	1030	0.0736083
0.480064	2	1	3	1030	0.0736023
0.480064	2	1	3	1030	0.0735963
0.480064	2	1	3	1030	0.0735903
0.480064	2	1	3	1030	0.0735843
0.480064	2	1	3	1030	0.0735783
0.480064	2	1	3	1030	0.0735723
0.480064	2	1	3	1030	0.0735663
0.480064	2	1	3	1030	0.0735603
0.480064	2	1	3	1030	0.0735543
0.480064	2	1	3	1030	0.0735483
0.480064	2	1	3	1030	0.0735423
0.480064	2	1	3	1030	0.0735363
0.480064	2	1	3	1030	0.0735303
0.480064	2	1	3	1030	0.0735243
0.480064	2	1	3	1030	0.0735183
0.480064	2	1	3	1030	0.0735123
0.480064	2	1	3	1030	0.0735063
0.480064	2	1	3	1030	0.0735003
0.480064	2	1	3	1030	0.0734943
0.480064	2	1	3	1030	0.0734883
0.480064	2	1	3	1030	0.0734823
0.480064	2	1	3	1030	0.0734763
0.480064	2	1	3	1030	0.0734703
0.480064	2	1	3	1030	0.0734643
0.480064	2	1	3	1030	0.0734583
0.480064	2	1	3	1030	0.0734523
0.480064	2	1	3	1030	0.0734463
0.480064	2	1	3	1030	0.0734403
0.480064	2	1	3	1030	0.0734343
0.480064	2	1	3	1030	0.0734283
0.480064	2	1	3	1030	0.0734223
0.480064	2	1	3	1030	0.0734163
0.480064	2	1	3	1030	0.0734103
0.482564	2	1	3	1030	0.0759043
0.482564	2	1	3	1030	0.0758983
0.482564	2	1	3	1030	0.0758923
0.482564	2	1	3	1030	0.0758863
0.482564	2	1	3	1030	0.0758803
0.482564	2	1	3	1030	0.0758743
0.482564	2	1	3	1030	0.0758683
0.482564	2	1	3	1030	0.0758623
0.482564	2	1	3	1030	0.0758563
0.482564	2	1	3	1030	0.0758503
0.482564	2	1	3	1030	0.0758443
0.482564	2	1	3	1030	0.0758383
0.482564	2	1	3	1030	0.0758323
0.482564	2	1	3	1030	0.0758263
0.482564	2	1	3	1030	0.0758203
0.482564	2	1	3	1030	0.0758143
0.482564	2	1	3	1030	0.0758083
0.482564	2	1	3	1030	0.0758023
0.482564	2	1	3	1030	0.0757963
0.482564	2	1	3	1030	0.0757903
0.482564	2	1	3	1030	0.0757843
0.482564	2	1	3	1030	0.0757783
0.482564	2	1	3	1030	0.0757723
0.482564	2	1	3	1030	0.0757663
0.482564	2	1	3	1030	0.0757603
0.482564	2	1	3	1030	0.0757543
0.482564	2	1	3	1030	0.0757483
0.482564	2	1	3	1030	0.0757423
0.482564	2	1	3	1030	0.0757363
0.482564	2	1	3	1030	0.0757303
0.482564	2	1	3	1030	0.0757243
0.482564	2	1	3	1030	0.0757183
0.482564	2	1	3	1030	0.0757123
0.482564	2	1	3	1030	0.0757063
0.482564	2	1	3	1030	0.0757003
0.482564	2	1	3	1030	0.0756943
0.482564	2	1	3	1030	0.0756883
0.482564	2	1	3	1030	0.0756823
0.485064	2	1	3	1030	0.0781763
0.485064	2	1	3	1030	0.0781703
0.485064	2	1	3	1030	0.0781643
0.485064	2	1	3	1030	0.0781583
0.485064	2	1	3	1030	0.0781523
0.485064	2	1	3	1030	0.0781463
0.485064	2	1	3	1030	0.0781403
0.485064	2	1	3	1030	0.0781343
0.485064	2	1	3	1030	0.0781283
0.485064	2	1	3	1030	0.0781223
0.485064	2	1	3	1030	0.0781163
0.485064	2	1	3	1030	0.0781103
0.485064	2	1	3	1030	0.0781043
0.485064	2	1	3	1030	0.0780983
0.485064	2	1	3	1030	0.0780923
0.485064	2	1	3	1030	0.0780863
0.485064	2	1	3	1030	0.0780803
0.485064	2	1	3	1030	0.0780743
0.485064	2	1	3	1030	0.0780683
0.485064	2	1	3	1030	0.0780623
0.485064	2	1	3	1030	0.0780563
0.485064	2	1	3	1030	0.0780503
0.485064	2	1	3	1030	0.0780443
0.485064	2	1	3	1030	0.0780383
0.485064	2	1	3	1030	0.0780323
0.485064	2	1	3	1030	0.0780263
0.485064	2	1	3	1030	0.0780203
0.485064	2	1	3	1030	0.0780143
0.485064	2	1	3	1030	0.0780083
0.485064	2	1	3	1030	0.0780023
0.485064	2	1	3	1030	0.0779963
0.485064	2	1	3	1030	0.0779903
0.485064	2	1	3	1030	0.0779843
0.485064	2	1	3	1030	0.0779783
0.485064	2	1	3	1030	0.0779723
0.485064	2	1	3	1030	0.0779663
0.485064	2	1	3	1030	0.0779603
0.485064	2	1	3	1030	0.0779543
0.487564	2	1	3	1030	0.0804483
0.487564	2	1	3	1030	0.0804423
0.487564	2	1	3	1030	0.0804363
0.487564	2	1	3	1030	0.0804303
0.487564	2	1	3	1030	0.0804243
0.487564	2	1	3	1030	0.0804183
0.487564	2	1	3	1030	0.0804123
0.487564	2	1	3	1030	0.0804063
0.487564	2	1	3	1030	0.0804003
0.487564	2	1	3	1030	0.0803943
0.487564	2	1	3	1030	0.0803883
0.487564	2	1	3	1030	0.0803823
0.487564	2	1	3	1030	0.0803763
0.487564	2	1	3	1030	0.0803703
0.487564	2	1	3	1030	0.0803643
0.487564	2	1	3	1030	0.0803583
0.487564	2	1	3	1030	0.0803523
0.487564	2	1	3	1030	0.0803463
0.487564	2	1	3	1030	0.0803403
0.487564	2	1	3	1030	0.0803343
0.487564	2	1	3	1030	0.0803283
0.487564	2	1	3	1030	0.0803223
0.487564	2	1	3	1030	0.0803163
0.487564	2	1	3	1030	0.0803103
0.487564	2	1	3	1030	0.0803043
0.487564	2	1	3	1030	0.0802983
0.487564	2	1	3	1030	0.0802923
0.487564	2	1	3	1030	0.0802863
0.487564	2	1	3	1030	0.0802803
0.487564	2	1	3	1030	0.0802743
0.487564	2	1	3	1030	0.0802683
0.487564	2	1	3	1030	0.0802623
0.487564	2	1	3	1030	0.0802563
0.487564	2	1	3	1030	0.0802503
0.487564	2	1	3	1030	0.0802443
0.487564	2	1	3	1030	0.0802383
0.487564	2	1	3	1030	0.0802323
0.487564	2	1	3	1030	0.0802263
0.487564	2	1	3	1030	0.0802203
0.490064	2	1	3	1030	0.0827143
0.490064	2	1	3	1030	0.0827083
0.490064	2	1	3	1030	0.0827023
0.490064	2	1	3	1030	0.0826963
0.490064	2	1	3	1030	0.0826903
0.490064	2	1	3	1030	0.0826843
0.490064	2	1	3	1030	0.0826783
0.490064	2	1	3	1030	0.0826723
0.490064	2	1	3	1030	0.0826663
0.490064	2	1	3	1030	0.0826603
0.490064	2	1	3	1030	0.0826543
0.490064	2	1	3	1030	0.0826483
0.490064	2	1	3	1030	0.0826423
0.490064	2	1	3	1030	0.0826363
0.490064	2	1	3	1030	0.0826303
0.490064	2	1	3	1030	0.0826243
0.490064	2	1	3	1030	0.0826183
0.490064	2	1	3	1030	0.0826123
0.490064	2	1	3	1030	0.0826063
0.490064	2	1	3	1030	0.0826003
0.490064	2	1	3	1030	0.0825943
0.490064	2	1	3	1030	0.0825883
0.490064	2	1	3	1030	0.0825823
0.490064	2	1	3	1030	0.0825763
0.490064	2	1	3	1030	0.0825703
0.490064	2	1	3	1030	0.0825643
0.490064	2	1	3	1030	0.0825583
0.490064	2	1	3	1030	0.0825523
0.490064	2	1	3	1030	0.0825463
0.490064	2	1	3	1030	0.0825403
0.490064	2	1	3	1030	0.0825343
0.490064	2	1	3	1030	0.0825283
0.490064	2	1	3	1030	0.0825223
0.490064	2	1	3	1030	0.0825163
0.490064	2	1	3	1030	0.0825103
0.490064	2	1	3	1030	0.0825043
0.490064	2	1	3	1030	0.0824983
0.490064	2	1	3	1030	0.0824923
0.492564	2	1	3	1030	0.0849863
0.492564	2	1	3	1030	0.0849803
0.492564	2	1	3	1030	0.0849743
0.492564	2	1	3	1030	0.0849683
0.492564	2	1	3	1030	0.0849623
0.492564	2	1	3	1030	0.0849563
0.492564	2	1	3	1030	0.0849503
0.492564	2	1	3	1030	0.0849443
0.492564	2	1	3	1030	0.0849383
0.492564	2	1	3	1030	0.0849323
0.492564	2	1	3	1030	0.0849263
0.492564	2	1	3	1030	0.0849203
0.492564	2	1	3	1030	0.0849143
0.492564	2	1	3	1030	0.0849083
0.492564	2	1	3	1030	0.0849023
0.492564	2	1	3	1030	0.0848963
0.492564	2	1	3	1030	0.0848903
0.492564	2	1	3	1030	0.0848843
0.492564	2	1	3	1030	0.0848783
0.492564	2	1	3	1030	0.0848723
0.492564	2	1	3	1030	0.0848663
0.492564	2	1	3	1030	0.0848603
0.492564	2	1	3	1030	0.0848543
0.492564	2	1	3	1030	0.0848483
0.492564	2	1	3	1030	0.0848423
0.492564	2	1	3	1030	0.0848363
0.492564	2	1	3	1030	0.0848303
0.492564	2	1	3	1030	0.0848243
0.492564	2	1	3	1030	0.0848183
0.492564	2	1	3	1030	0.0848123
0.492564	2	1	3	1030	0.0848063
0.492564	2	1	3	1030	0.0848003
0.492564	2	1	3	1030	0.0847943
0.492564	2	1	3	1030	0.0847883
0.492564	2	1	3	1030	0.0847823
0.492564	2	1	3	1030	0.0847763
0.492564	2	1	3	1030	0.0847703
0.492564	2	1	3	1030	0.0847643
0.495064	2	1	3	1030	0.0872583
0.495064	2	1	3	1030	0.0872523
0.495064	2	1	3	1030	0.0872463
0.495064	2	1	3	1030	0.0872403
0.495064	2	1	3	1030	0.0872343
0.495064	2	1	3	1030	0.0872283
0.495064	2	1	3	1030	0.0872223
0.495064	2	1	3	1030	0.0872163
0.495064	2	1	3	1030	0.0872103
0.495064	2	1	3	1030	0.0872043
0.495064	2	1	3	1030	0.0871983
0.495064	2	1	3	1030	0.0871923
0.495064	2	1	3	1030	0.0871863
0.495064	2	1	3	1030	0.0871803
0.495064	2	1	3	1030	0.0871743
0.495064	2	1	3	1030	0.0871683
0.495064	2	1	3	1030	0.0871623
0.495064	2	1	3	1030	0.0871563
0.495064	2	1	3	1030	0.0871503
0.495064	2	1	3	1030	0.0871443
0.495064	2	1	3	1030	0.0871383
0.495064	2	1	3	1030	0.0871323
0.495064	2	1	3	1030	0.0871263
0.495064	2	1	3	1030	0.0871203
0.495064	2	1	3	1030	0.0871143
0.495064	2	1	3	1030	0.0871083
0.495064	2	1	3	1030	0.0871023
0.495064	2	1	3	1030	0.0870963
0.495064	2	1	3	1030	0.0870903
0.495064	2	1	3	1030	0.0870843
0.495064	2	1	3	1030	0.0870783
0.495064	2	1	3	1030	0.0870723
0.495064	2	1	3	1030	0.0870663
0.495064	2	1	3	1030	0.0870603
0.495064	2	1	3	1030	0.0870543
0.495064	2	1	3	1030	0.0870483
0.495064	2	1	3	1030	0.0870423
0.495064	2	1	3	1030	0.0870363
0.497564	2	1	3	1030	0.0895303
0.497564	2	1	3	1030	0.0895243
0.497564	2	1	3	1030	0.0895183
0.497564	2	1	3	1030	0.0895123
0.497564	2	1	3	1030	0.0895063
0.497564	2	1	3	1030	0.0895003
0.497564	2	1	3	1030	0.0894943
0.497564	2	1	3	1030	0.0894883
0.497564	2	1	3	1030	0.0894823
0.497564	2	1	3	1030	0.0894763
0.497564	2	1	3	1030	0.0894703
0.497564	2	1	3	1030	0.0894643
0.497564	2	1	3	1030	0.0894583
0.497564	2	1	3	1030	0.0894523
0.497564	2	1	3	1030	0.0894463
0.497564	2	1	3	1030	0.0894403
0.497564	2	1	3	1030	0.0894343
0.497564	2	1	3	1030	0.0894283
0.497564	2	1	3	1030	0.0894223
0.497564	2	1	3	1030	0.0894163
0.497564	2	1	3	1030	0.0894103
0.497564	2	1	3	1030	0.0894043
0.497564	2	1	3	1030	0.0893983
0.497564	2	1	3	1030	0.0893923
0.497564	2	1	3	1030	0.0893863
0.497564	2	1	3	1030	0.0893803
0.497564	2	1	3	1030	0.0893743
0.497564	2	1	3	1030	0.0893683
0.497564	2	1	3	1030	0.0893623
0.497564	2	1	3	1030	0.0893563
0.497564	2	1	3	1030	0.0893503
0.497564	2	1	3	1030	0.0893443
0.497564	2	1	3	1030	0.0893383
0.497564	2	1	3	1030	0.0893323
0.497564	2	1	3	1030	0.0893263
0.497564	2	1	3	1030	0.0893203
0.497564	2	1	3	1030	0.0893143
0.497564	2	1	3	1030	0.0893083
0.497564	2	1	3	1030	0.0893023
