time(s)	cellId	rnti	lcid	packetSize
0.4	2	1	3	1030
0.400006	2	1	3	1030
0.400012	2	1	3	1030
0.400018	2	1	3	1030
0.400024	2	1	3	1030
0.40003	2	1	3	1030
0.400036	2	1	3	1030
0.400042	2	1	3	1030
0.400048	2	1	3	1030
0.400054	2	1	3	1030
0.40006	2	1	3	1030
0.400066	2	1	3	1030
0.400072	2	1	3	1030
0.400078	2	1	3	1030
0.400084	2	1	3	1030
0.40009	2	1	3	1030
0.400096	2	1	3	1030
0.400102	2	1	3	1030
0.400108	2	1	3	1030
0.400114	2	1	3	1030
0.40012	2	1	3	1030
0.400126	2	1	3	1030
0.400132	2	1	3	1030
0.400138	2	1	3	1030
0.400144	2	1	3	1030
0.40015	2	1	3	1030
0.400156	2	1	3	1030
0.400162	2	1	3	1030
0.400168	2	1	3	1030
0.400174	2	1	3	1030
0.40018	2	1	3	1030
0.400186	2	1	3	1030
0.400192	2	1	3	1030
0.400198	2	1	3	1030
0.400204	2	1	3	1030
0.40021	2	1	3	1030
0.400216	2	1	3	1030
0.400222	2	1	3	1030
0.400228	2	1	3	1030
0.400234	2	1	3	1030
0.40024	2	1	3	1030
0.400246	2	1	3	1030
0.400252	2	1	3	1030
0.400258	2	1	3	1030
0.400264	2	1	3	1030
0.40027	2	1	3	1030
0.400276	2	1	3	1030
0.400282	2	1	3	1030
0.400288	2	1	3	1030
0.400294	2	1	3	1030
0.4003	2	1	3	1030
0.400306	2	1	3	1030
0.400312	2	1	3	1030
0.400318	2	1	3	1030
0.400324	2	1	3	1030
0.40033	2	1	3	1030
0.400336	2	1	3	1030
0.400342	2	1	3	1030
0.400348	2	1	3	1030
0.400354	2	1	3	1030
0.40036	2	1	3	1030
0.400366	2	1	3	1030
0.400372	2	1	3	1030
0.400378	2	1	3	1030
0.400384	2	1	3	1030
0.40039	2	1	3	1030
0.400396	2	1	3	1030
0.400402	2	1	3	1030
0.400408	2	1	3	1030
0.400414	2	1	3	1030
0.40042	2	1	3	1030
0.400426	2	1	3	1030
0.400432	2	1	3	1030
0.400438	2	1	3	1030
0.400444	2	1	3	1030
0.40045	2	1	3	1030
0.400456	2	1	3	1030
0.400462	2	1	3	1030
0.400468	2	1	3	1030
0.400474	2	1	3	1030
0.40048	2	1	3	1030
0.400486	2	1	3	1030
0.400492	2	1	3	1030
0.400498	2	1	3	1030
0.400504	2	1	3	1030
0.40051	2	1	3	1030
0.400516	2	1	3	1030
0.400522	2	1	3	1030
0.400528	2	1	3	1030
0.400534	2	1	3	1030
0.40054	2	1	3	1030
0.400546	2	1	3	1030
0.400552	2	1	3	1030
0.400558	2	1	3	1030
0.400564	2	1	3	1030
0.40057	2	1	3	1030
0.400576	2	1	3	1030
0.400582	2	1	3	1030
0.400588	2	1	3	1030
0.400594	2	1	3	1030
0.4006	2	1	3	1030
0.400606	2	1	3	1030
0.400612	2	1	3	1030
0.400618	2	1	3	1030
0.400624	2	1	3	1030
0.40063	2	1	3	1030
0.400636	2	1	3	1030
0.400642	2	1	3	1030
0.400648	2	1	3	1030
0.400654	2	1	3	1030
0.40066	2	1	3	1030
0.400666	2	1	3	1030
0.400672	2	1	3	1030
0.400678	2	1	3	1030
0.400684	2	1	3	1030
0.40069	2	1	3	1030
0.400696	2	1	3	1030
0.400702	2	1	3	1030
0.400708	2	1	3	1030
0.400714	2	1	3	1030
0.40072	2	1	3	1030
0.400726	2	1	3	1030
0.400732	2	1	3	1030
0.400738	2	1	3	1030
0.400744	2	1	3	1030
0.40075	2	1	3	1030
0.400756	2	1	3	1030
0.400762	2	1	3	1030
0.400768	2	1	3	1030
0.400774	2	1	3	1030
0.40078	2	1	3	1030
0.400786	2	1	3	1030
0.400792	2	1	3	1030
0.400798	2	1	3	1030
0.400804	2	1	3	1030
0.40081	2	1	3	1030
0.400816	2	1	3	1030
0.400822	2	1	3	1030
0.400828	2	1	3	1030
0.400834	2	1	3	1030
0.40084	2	1	3	1030
0.400846	2	1	3	1030
0.400852	2	1	3	1030
0.400858	2	1	3	1030
0.400864	2	1	3	1030
0.40087	2	1	3	1030
0.400876	2	1	3	1030
0.400882	2	1	3	1030
0.400888	2	1	3	1030
0.400894	2	1	3	1030
0.4009	2	1	3	1030
0.400906	2	1	3	1030
0.400912	2	1	3	1030
0.400918	2	1	3	1030
0.400924	2	1	3	1030
0.40093	2	1	3	1030
0.400936	2	1	3	1030
0.400942	2	1	3	1030
0.400948	2	1	3	1030
0.400954	2	1	3	1030
0.40096	2	1	3	1030
0.400966	2	1	3	1030
0.400972	2	1	3	1030
0.400978	2	1	3	1030
0.400984	2	1	3	1030
0.40099	2	1	3	1030
0.400996	2	1	3	1030
0.401002	2	1	3	1030
0.401008	2	1	3	1030
0.401014	2	1	3	1030
0.40102	2	1	3	1030
0.401026	2	1	3	1030
0.401032	2	1	3	1030
0.401038	2	1	3	1030
0.401044	2	1	3	1030
0.40105	2	1	3	1030
0.401056	2	1	3	1030
0.401062	2	1	3	1030
0.401068	2	1	3	1030
0.401074	2	1	3	1030
0.40108	2	1	3	1030
0.401086	2	1	3	1030
0.401092	2	1	3	1030
0.401098	2	1	3	1030
0.401104	2	1	3	1030
0.40111	2	1	3	1030
0.401116	2	1	3	1030
0.401122	2	1	3	1030
0.401128	2	1	3	1030
0.401134	2	1	3	1030
0.40114	2	1	3	1030
0.401146	2	1	3	1030
0.401152	2	1	3	1030
0.401158	2	1	3	1030
0.401164	2	1	3	1030
0.40117	2	1	3	1030
0.401176	2	1	3	1030
0.401182	2	1	3	1030
0.401188	2	1	3	1030
0.401194	2	1	3	1030
0.4012	2	1	3	1030
0.401206	2	1	3	1030
0.401212	2	1	3	1030
0.401218	2	1	3	1030
0.401224	2	1	3	1030
0.40123	2	1	3	1030
0.401236	2	1	3	1030
0.401242	2	1	3	1030
0.401248	2	1	3	1030
0.401254	2	1	3	1030
0.40126	2	1	3	1030
0.401266	2	1	3	1030
0.401272	2	1	3	1030
0.401278	2	1	3	1030
0.401284	2	1	3	1030
0.40129	2	1	3	1030
0.401296	2	1	3	1030
0.401302	2	1	3	1030
0.401308	2	1	3	1030
0.401314	2	1	3	1030
0.40132	2	1	3	1030
0.401326	2	1	3	1030
0.401332	2	1	3	1030
0.401338	2	1	3	1030
0.401344	2	1	3	1030
0.40135	2	1	3	1030
0.401356	2	1	3	1030
0.401362	2	1	3	1030
0.401368	2	1	3	1030
0.401374	2	1	3	1030
0.40138	2	1	3	1030
0.401386	2	1	3	1030
0.401392	2	1	3	1030
0.401398	2	1	3	1030
0.401404	2	1	3	1030
0.40141	2	1	3	1030
0.401416	2	1	3	1030
0.401422	2	1	3	1030
0.401428	2	1	3	1030
0.401434	2	1	3	1030
0.40144	2	1	3	1030
0.401446	2	1	3	1030
0.401452	2	1	3	1030
0.401458	2	1	3	1030
0.401464	2	1	3	1030
0.40147	2	1	3	1030
0.401476	2	1	3	1030
0.401482	2	1	3	1030
0.401488	2	1	3	1030
0.401494	2	1	3	1030
0.4015	2	1	3	1030
0.401506	2	1	3	1030
0.401512	2	1	3	1030
0.401518	2	1	3	1030
0.401524	2	1	3	1030
0.40153	2	1	3	1030
0.401536	2	1	3	1030
0.401542	2	1	3	1030
0.401548	2	1	3	1030
0.401554	2	1	3	1030
0.40156	2	1	3	1030
0.401566	2	1	3	1030
0.401572	2	1	3	1030
0.401578	2	1	3	1030
0.401584	2	1	3	1030
0.40159	2	1	3	1030
0.401596	2	1	3	1030
0.401602	2	1	3	1030
0.401608	2	1	3	1030
0.401614	2	1	3	1030
0.40162	2	1	3	1030
0.401626	2	1	3	1030
0.401632	2	1	3	1030
0.401638	2	1	3	1030
0.401644	2	1	3	1030
0.40165	2	1	3	1030
0.401656	2	1	3	1030
0.401662	2	1	3	1030
0.401668	2	1	3	1030
0.401674	2	1	3	1030
0.40168	2	1	3	1030
0.401686	2	1	3	1030
0.401692	2	1	3	1030
0.401698	2	1	3	1030
0.401704	2	1	3	1030
0.40171	2	1	3	1030
0.401716	2	1	3	1030
0.401722	2	1	3	1030
0.401728	2	1	3	1030
0.401734	2	1	3	1030
0.40174	2	1	3	1030
0.401746	2	1	3	1030
0.401752	2	1	3	1030
0.401758	2	1	3	1030
0.401764	2	1	3	1030
0.40177	2	1	3	1030
0.401776	2	1	3	1030
0.401782	2	1	3	1030
0.401788	2	1	3	1030
0.401794	2	1	3	1030
0.4018	2	1	3	1030
0.401806	2	1	3	1030
0.401812	2	1	3	1030
0.401818	2	1	3	1030
0.401824	2	1	3	1030
0.40183	2	1	3	1030
0.401836	2	1	3	1030
0.401842	2	1	3	1030
0.401848	2	1	3	1030
0.401854	2	1	3	1030
0.40186	2	1	3	1030
0.401866	2	1	3	1030
0.401872	2	1	3	1030
0.401878	2	1	3	1030
0.401884	2	1	3	1030
0.40189	2	1	3	1030
0.401896	2	1	3	1030
0.401902	2	1	3	1030
0.401908	2	1	3	1030
0.401914	2	1	3	1030
0.40192	2	1	3	1030
0.401926	2	1	3	1030
0.401932	2	1	3	1030
0.401938	2	1	3	1030
0.401944	2	1	3	1030
0.40195	2	1	3	1030
0.401956	2	1	3	1030
0.401962	2	1	3	1030
0.401968	2	1	3	1030
0.401974	2	1	3	1030
0.40198	2	1	3	1030
0.401986	2	1	3	1030
0.401992	2	1	3	1030
0.401998	2	1	3	1030
0.402004	2	1	3	1030
0.40201	2	1	3	1030
0.402016	2	1	3	1030
0.402022	2	1	3	1030
0.402028	2	1	3	1030
0.402034	2	1	3	1030
0.40204	2	1	3	1030
0.402046	2	1	3	1030
0.402052	2	1	3	1030
0.402058	2	1	3	1030
0.402064	2	1	3	1030
0.40207	2	1	3	1030
0.402076	2	1	3	1030
0.402082	2	1	3	1030
0.402088	2	1	3	1030
0.402094	2	1	3	1030
0.4021	2	1	3	1030
0.402106	2	1	3	1030
0.402112	2	1	3	1030
0.402118	2	1	3	1030
0.402124	2	1	3	1030
0.40213	2	1	3	1030
0.402136	2	1	3	1030
0.402142	2	1	3	1030
0.402148	2	1	3	1030
0.402154	2	1	3	1030
0.40216	2	1	3	1030
0.402166	2	1	3	1030
0.402172	2	1	3	1030
0.402178	2	1	3	1030
0.402184	2	1	3	1030
0.40219	2	1	3	1030
0.402196	2	1	3	1030
0.402202	2	1	3	1030
0.402208	2	1	3	1030
0.402214	2	1	3	1030
0.40222	2	1	3	1030
0.402226	2	1	3	1030
0.402232	2	1	3	1030
0.402238	2	1	3	1030
0.402244	2	1	3	1030
0.40225	2	1	3	1030
0.402256	2	1	3	1030
0.402262	2	1	3	1030
0.402268	2	1	3	1030
0.402274	2	1	3	1030
0.40228	2	1	3	1030
0.402286	2	1	3	1030
0.402292	2	1	3	1030
0.402298	2	1	3	1030
0.402304	2	1	3	1030
0.40231	2	1	3	1030
0.402316	2	1	3	1030
0.402322	2	1	3	1030
0.402328	2	1	3	1030
0.402334	2	1	3	1030
0.40234	2	1	3	1030
0.402346	2	1	3	1030
0.402352	2	1	3	1030
0.402358	2	1	3	1030
0.402364	2	1	3	1030
0.40237	2	1	3	1030
0.402376	2	1	3	1030
0.402382	2	1	3	1030
0.402388	2	1	3	1030
0.402394	2	1	3	1030
0.4024	2	1	3	1030
0.402406	2	1	3	1030
0.402412	2	1	3	1030
0.402418	2	1	3	1030
0.402424	2	1	3	1030
0.40243	2	1	3	1030
0.402436	2	1	3	1030
0.402442	2	1	3	1030
0.402448	2	1	3	1030
0.402454	2	1	3	1030
0.40246	2	1	3	1030
0.402466	2	1	3	1030
0.402472	2	1	3	1030
0.402478	2	1	3	1030
0.402484	2	1	3	1030
0.40249	2	1	3	1030
0.402496	2	1	3	1030
0.402502	2	1	3	1030
0.402508	2	1	3	1030
0.402514	2	1	3	1030
0.40252	2	1	3	1030
0.402526	2	1	3	1030
0.402532	2	1	3	1030
0.402538	2	1	3	1030
0.402544	2	1	3	1030
0.40255	2	1	3	1030
0.402556	2	1	3	1030
0.402562	2	1	3	1030
0.402568	2	1	3	1030
0.402574	2	1	3	1030
0.40258	2	1	3	1030
0.402586	2	1	3	1030
0.402592	2	1	3	1030
0.402598	2	1	3	1030
0.402604	2	1	3	1030
0.40261	2	1	3	1030
0.402616	2	1	3	1030
0.402622	2	1	3	1030
0.402628	2	1	3	1030
0.402634	2	1	3	1030
0.40264	2	1	3	1030
0.402646	2	1	3	1030
0.402652	2	1	3	1030
0.402658	2	1	3	1030
0.402664	2	1	3	1030
0.40267	2	1	3	1030
0.402676	2	1	3	1030
0.402682	2	1	3	1030
0.402688	2	1	3	1030
0.402694	2	1	3	1030
0.4027	2	1	3	1030
0.402706	2	1	3	1030
0.402712	2	1	3	1030
0.402718	2	1	3	1030
0.402724	2	1	3	1030
0.40273	2	1	3	1030
0.402736	2	1	3	1030
0.402742	2	1	3	1030
0.402748	2	1	3	1030
0.402754	2	1	3	1030
0.40276	2	1	3	1030
0.402766	2	1	3	1030
0.402772	2	1	3	1030
0.402778	2	1	3	1030
0.402784	2	1	3	1030
0.40279	2	1	3	1030
0.402796	2	1	3	1030
0.402802	2	1	3	1030
0.402808	2	1	3	1030
0.402814	2	1	3	1030
0.40282	2	1	3	1030
0.402826	2	1	3	1030
0.402832	2	1	3	1030
0.402838	2	1	3	1030
0.402844	2	1	3	1030
0.40285	2	1	3	1030
0.402856	2	1	3	1030
0.402862	2	1	3	1030
0.402868	2	1	3	1030
0.402874	2	1	3	1030
0.40288	2	1	3	1030
0.402886	2	1	3	1030
0.402892	2	1	3	1030
0.402898	2	1	3	1030
0.402904	2	1	3	1030
0.40291	2	1	3	1030
0.402916	2	1	3	1030
0.402922	2	1	3	1030
0.402928	2	1	3	1030
0.402934	2	1	3	1030
0.40294	2	1	3	1030
0.402946	2	1	3	1030
0.402952	2	1	3	1030
0.402958	2	1	3	1030
0.402964	2	1	3	1030
0.40297	2	1	3	1030
0.402976	2	1	3	1030
0.402982	2	1	3	1030
0.402988	2	1	3	1030
0.402994	2	1	3	1030
0.403	2	1	3	1030
0.403006	2	1	3	1030
0.403012	2	1	3	1030
0.403018	2	1	3	1030
0.403024	2	1	3	1030
0.40303	2	1	3	1030
0.403036	2	1	3	1030
0.403042	2	1	3	1030
0.403048	2	1	3	1030
0.403054	2	1	3	1030
0.40306	2	1	3	1030
0.403066	2	1	3	1030
0.403072	2	1	3	1030
0.403078	2	1	3	1030
0.403084	2	1	3	1030
0.40309	2	1	3	1030
0.403096	2	1	3	1030
0.403102	2	1	3	1030
0.403108	2	1	3	1030
0.403114	2	1	3	1030
0.40312	2	1	3	1030
0.403126	2	1	3	1030
0.403132	2	1	3	1030
0.403138	2	1	3	1030
0.403144	2	1	3	1030
0.40315	2	1	3	1030
0.403156	2	1	3	1030
0.403162	2	1	3	1030
0.403168	2	1	3	1030
0.403174	2	1	3	1030
0.40318	2	1	3	1030
0.403186	2	1	3	1030
0.403192	2	1	3	1030
0.403198	2	1	3	1030
0.403204	2	1	3	1030
0.40321	2	1	3	1030
0.403216	2	1	3	1030
0.403222	2	1	3	1030
0.403228	2	1	3	1030
0.403234	2	1	3	1030
0.40324	2	1	3	1030
0.403246	2	1	3	1030
0.403252	2	1	3	1030
0.403258	2	1	3	1030
0.403264	2	1	3	1030
0.40327	2	1	3	1030
0.403276	2	1	3	1030
0.403282	2	1	3	1030
0.403288	2	1	3	1030
0.403294	2	1	3	1030
0.4033	2	1	3	1030
0.403306	2	1	3	1030
0.403312	2	1	3	1030
0.403318	2	1	3	1030
0.403324	2	1	3	1030
0.40333	2	1	3	1030
0.403336	2	1	3	1030
0.403342	2	1	3	1030
0.403348	2	1	3	1030
0.403354	2	1	3	1030
0.40336	2	1	3	1030
0.403366	2	1	3	1030
0.403372	2	1	3	1030
0.403378	2	1	3	1030
0.403384	2	1	3	1030
0.40339	2	1	3	1030
0.403396	2	1	3	1030
0.403402	2	1	3	1030
0.403408	2	1	3	1030
0.403414	2	1	3	1030
0.40342	2	1	3	1030
0.403426	2	1	3	1030
0.403432	2	1	3	1030
0.403438	2	1	3	1030
0.403444	2	1	3	1030
0.40345	2	1	3	1030
0.403456	2	1	3	1030
0.403462	2	1	3	1030
0.403468	2	1	3	1030
0.403474	2	1	3	1030
0.40348	2	1	3	1030
0.403486	2	1	3	1030
0.403492	2	1	3	1030
0.403498	2	1	3	1030
0.403504	2	1	3	1030
0.40351	2	1	3	1030
0.403516	2	1	3	1030
0.403522	2	1	3	1030
0.403528	2	1	3	1030
0.403534	2	1	3	1030
0.40354	2	1	3	1030
0.403546	2	1	3	1030
0.403552	2	1	3	1030
0.403558	2	1	3	1030
0.403564	2	1	3	1030
0.40357	2	1	3	1030
0.403576	2	1	3	1030
0.403582	2	1	3	1030
0.403588	2	1	3	1030
0.403594	2	1	3	1030
0.4036	2	1	3	1030
0.403606	2	1	3	1030
0.403612	2	1	3	1030
0.403618	2	1	3	1030
0.403624	2	1	3	1030
0.40363	2	1	3	1030
0.403636	2	1	3	1030
0.403642	2	1	3	1030
0.403648	2	1	3	1030
0.403654	2	1	3	1030
0.40366	2	1	3	1030
0.403666	2	1	3	1030
0.403672	2	1	3	1030
0.403678	2	1	3	1030
0.403684	2	1	3	1030
0.40369	2	1	3	1030
0.403696	2	1	3	1030
0.403702	2	1	3	1030
0.403708	2	1	3	1030
0.403714	2	1	3	1030
0.40372	2	1	3	1030
0.403726	2	1	3	1030
0.403732	2	1	3	1030
0.403738	2	1	3	1030
0.403744	2	1	3	1030
0.40375	2	1	3	1030
0.403756	2	1	3	1030
0.403762	2	1	3	1030
0.403768	2	1	3	1030
0.403774	2	1	3	1030
0.40378	2	1	3	1030
0.403786	2	1	3	1030
0.403792	2	1	3	1030
0.403798	2	1	3	1030
0.403804	2	1	3	1030
0.40381	2	1	3	1030
0.403816	2	1	3	1030
0.403822	2	1	3	1030
0.403828	2	1	3	1030
0.403834	2	1	3	1030
0.40384	2	1	3	1030
0.403846	2	1	3	1030
0.403852	2	1	3	1030
0.403858	2	1	3	1030
0.403864	2	1	3	1030
0.40387	2	1	3	1030
0.403876	2	1	3	1030
0.403882	2	1	3	1030
0.403888	2	1	3	1030
0.403894	2	1	3	1030
0.4039	2	1	3	1030
0.403906	2	1	3	1030
0.403912	2	1	3	1030
0.403918	2	1	3	1030
0.403924	2	1	3	1030
0.40393	2	1	3	1030
0.403936	2	1	3	1030
0.403942	2	1	3	1030
0.403948	2	1	3	1030
0.403954	2	1	3	1030
0.40396	2	1	3	1030
0.403966	2	1	3	1030
0.403972	2	1	3	1030
0.403978	2	1	3	1030
0.403984	2	1	3	1030
0.40399	2	1	3	1030
0.403996	2	1	3	1030
0.404002	2	1	3	1030
0.404008	2	1	3	1030
0.404014	2	1	3	1030
0.40402	2	1	3	1030
0.404026	2	1	3	1030
0.404032	2	1	3	1030
0.404038	2	1	3	1030
0.404044	2	1	3	1030
0.40405	2	1	3	1030
0.404056	2	1	3	1030
0.404062	2	1	3	1030
0.404068	2	1	3	1030
0.404074	2	1	3	1030
0.40408	2	1	3	1030
0.404086	2	1	3	1030
0.404092	2	1	3	1030
0.404098	2	1	3	1030
0.404104	2	1	3	1030
0.40411	2	1	3	1030
0.404116	2	1	3	1030
0.404122	2	1	3	1030
0.404128	2	1	3	1030
0.404134	2	1	3	1030
0.40414	2	1	3	1030
0.404146	2	1	3	1030
0.404152	2	1	3	1030
0.404158	2	1	3	1030
0.404164	2	1	3	1030
0.40417	2	1	3	1030
0.404176	2	1	3	1030
0.404182	2	1	3	1030
0.404188	2	1	3	1030
0.404194	2	1	3	1030
0.4042	2	1	3	1030
0.404206	2	1	3	1030
0.404212	2	1	3	1030
0.404218	2	1	3	1030
0.404224	2	1	3	1030
0.40423	2	1	3	1030
0.404236	2	1	3	1030
0.404242	2	1	3	1030
0.404248	2	1	3	1030
0.404254	2	1	3	1030
0.40426	2	1	3	1030
0.404266	2	1	3	1030
0.404272	2	1	3	1030
0.404278	2	1	3	1030
0.404284	2	1	3	1030
0.40429	2	1	3	1030
0.404296	2	1	3	1030
0.404302	2	1	3	1030
0.404308	2	1	3	1030
0.404314	2	1	3	1030
0.40432	2	1	3	1030
0.404326	2	1	3	1030
0.404332	2	1	3	1030
0.404338	2	1	3	1030
0.404344	2	1	3	1030
0.40435	2	1	3	1030
0.404356	2	1	3	1030
0.404362	2	1	3	1030
0.404368	2	1	3	1030
0.404374	2	1	3	1030
0.40438	2	1	3	1030
0.404386	2	1	3	1030
0.404392	2	1	3	1030
0.404398	2	1	3	1030
0.404404	2	1	3	1030
0.40441	2	1	3	1030
0.404416	2	1	3	1030
0.404422	2	1	3	1030
0.404428	2	1	3	1030
0.404434	2	1	3	1030
0.40444	2	1	3	1030
0.404446	2	1	3	1030
0.404452	2	1	3	1030
0.404458	2	1	3	1030
0.404464	2	1	3	1030
0.40447	2	1	3	1030
0.404476	2	1	3	1030
0.404482	2	1	3	1030
0.404488	2	1	3	1030
0.404494	2	1	3	1030
0.4045	2	1	3	1030
0.404506	2	1	3	1030
0.404512	2	1	3	1030
0.404518	2	1	3	1030
0.404524	2	1	3	1030
0.40453	2	1	3	1030
0.404536	2	1	3	1030
0.404542	2	1	3	1030
0.404548	2	1	3	1030
0.404554	2	1	3	1030
0.40456	2	1	3	1030
0.404566	2	1	3	1030
0.404572	2	1	3	1030
0.404578	2	1	3	1030
0.404584	2	1	3	1030
0.40459	2	1	3	1030
0.404596	2	1	3	1030
0.404602	2	1	3	1030
0.404608	2	1	3	1030
0.404614	2	1	3	1030
0.40462	2	1	3	1030
0.404626	2	1	3	1030
0.404632	2	1	3	1030
0.404638	2	1	3	1030
0.404644	2	1	3	1030
0.40465	2	1	3	1030
0.404656	2	1	3	1030
0.404662	2	1	3	1030
0.404668	2	1	3	1030
0.404674	2	1	3	1030
0.40468	2	1	3	1030
0.404686	2	1	3	1030
0.404692	2	1	3	1030
0.404698	2	1	3	1030
0.404704	2	1	3	1030
0.40471	2	1	3	1030
0.404716	2	1	3	1030
0.404722	2	1	3	1030
0.404728	2	1	3	1030
0.404734	2	1	3	1030
0.40474	2	1	3	1030
0.404746	2	1	3	1030
0.404752	2	1	3	1030
0.404758	2	1	3	1030
0.404764	2	1	3	1030
0.40477	2	1	3	1030
0.404776	2	1	3	1030
0.404782	2	1	3	1030
0.404788	2	1	3	1030
0.404794	2	1	3	1030
0.4048	2	1	3	1030
0.404806	2	1	3	1030
0.404812	2	1	3	1030
0.404818	2	1	3	1030
0.404824	2	1	3	1030
0.40483	2	1	3	1030
0.404836	2	1	3	1030
0.404842	2	1	3	1030
0.404848	2	1	3	1030
0.404854	2	1	3	1030
0.40486	2	1	3	1030
0.404866	2	1	3	1030
0.404872	2	1	3	1030
0.404878	2	1	3	1030
0.404884	2	1	3	1030
0.40489	2	1	3	1030
0.404896	2	1	3	1030
0.404902	2	1	3	1030
0.404908	2	1	3	1030
0.404914	2	1	3	1030
0.40492	2	1	3	1030
0.404926	2	1	3	1030
0.404932	2	1	3	1030
0.404938	2	1	3	1030
0.404944	2	1	3	1030
0.40495	2	1	3	1030
0.404956	2	1	3	1030
0.404962	2	1	3	1030
0.404968	2	1	3	1030
0.404974	2	1	3	1030
0.40498	2	1	3	1030
0.404986	2	1	3	1030
0.404992	2	1	3	1030
0.404998	2	1	3	1030
0.405004	2	1	3	1030
0.40501	2	1	3	1030
0.405016	2	1	3	1030
0.405022	2	1	3	1030
0.405028	2	1	3	1030
0.405034	2	1	3	1030
0.40504	2	1	3	1030
0.405046	2	1	3	1030
0.405052	2	1	3	1030
0.405058	2	1	3	1030
0.405064	2	1	3	1030
0.40507	2	1	3	1030
0.405076	2	1	3	1030
0.405082	2	1	3	1030
0.405088	2	1	3	1030
0.405094	2	1	3	1030
0.4051	2	1	3	1030
0.405106	2	1	3	1030
0.405112	2	1	3	1030
0.405118	2	1	3	1030
0.405124	2	1	3	1030
0.40513	2	1	3	1030
0.405136	2	1	3	1030
0.405142	2	1	3	1030
0.405148	2	1	3	1030
0.405154	2	1	3	1030
0.40516	2	1	3	1030
0.405166	2	1	3	1030
0.405172	2	1	3	1030
0.405178	2	1	3	1030
0.405184	2	1	3	1030
0.40519	2	1	3	1030
0.405196	2	1	3	1030
0.405202	2	1	3	1030
0.405208	2	1	3	1030
0.405214	2	1	3	1030
0.40522	2	1	3	1030
0.405226	2	1	3	1030
0.405232	2	1	3	1030
0.405238	2	1	3	1030
0.405244	2	1	3	1030
0.40525	2	1	3	1030
0.405256	2	1	3	1030
0.405262	2	1	3	1030
0.405268	2	1	3	1030
0.405274	2	1	3	1030
0.40528	2	1	3	1030
0.405286	2	1	3	1030
0.405292	2	1	3	1030
0.405298	2	1	3	1030
0.405304	2	1	3	1030
0.40531	2	1	3	1030
0.405316	2	1	3	1030
0.405322	2	1	3	1030
0.405328	2	1	3	1030
0.405334	2	1	3	1030
0.40534	2	1	3	1030
0.405346	2	1	3	1030
0.405352	2	1	3	1030
0.405358	2	1	3	1030
0.405364	2	1	3	1030
0.40537	2	1	3	1030
0.405376	2	1	3	1030
0.405382	2	1	3	1030
0.405388	2	1	3	1030
0.405394	2	1	3	1030
0.4054	2	1	3	1030
0.405406	2	1	3	1030
0.405412	2	1	3	1030
0.405418	2	1	3	1030
0.405424	2	1	3	1030
0.40543	2	1	3	1030
0.405436	2	1	3	1030
0.405442	2	1	3	1030
0.405448	2	1	3	1030
0.405454	2	1	3	1030
0.40546	2	1	3	1030
0.405466	2	1	3	1030
0.405472	2	1	3	1030
0.405478	2	1	3	1030
0.405484	2	1	3	1030
0.40549	2	1	3	1030
0.405496	2	1	3	1030
0.405502	2	1	3	1030
0.405508	2	1	3	1030
0.405514	2	1	3	1030
0.40552	2	1	3	1030
0.405526	2	1	3	1030
0.405532	2	1	3	1030
